61 915
1 2 1
1 4 1
1 5 1
1 6 1
1 10 1
1 13 1
1 14 1
1 15 1
1 16 1
1 17 1
1 20 1
1 21 1
1 23 1
1 26 1
1 28 1
1 35 1
1 37 1
1 40 1
1 42 1
1 43 1
1 46 1
1 47 1
1 48 1
1 49 1
1 50 1
1 53 1
1 57 1
1 58 1
1 59 1
1 61 1
2 3 1
2 5 1
2 6 1
2 7 1
2 11 1
2 14 1
2 15 1
2 16 1
2 17 1
2 18 1
2 21 1
2 22 1
2 24 1
2 27 1
2 29 1
2 36 1
2 38 1
2 41 1
2 43 1
2 44 1
2 47 1
2 48 1
2 49 1
2 50 1
2 51 1
2 54 1
2 58 1
2 59 1
2 60 1
3 4 1
3 6 1
3 7 1
3 8 1
3 12 1
3 15 1
3 16 1
3 17 1
3 18 1
3 19 1
3 22 1
3 23 1
3 25 1
3 28 1
3 30 1
3 37 1
3 39 1
3 42 1
3 44 1
3 45 1
3 48 1
3 49 1
3 50 1
3 51 1
3 52 1
3 55 1
3 59 1
3 60 1
3 61 1
4 5 1
4 7 1
4 8 1
4 9 1
4 13 1
4 16 1
4 17 1
4 18 1
4 19 1
4 20 1
4 23 1
4 24 1
4 26 1
4 29 1
4 31 1
4 38 1
4 40 1
4 43 1
4 45 1
4 46 1
4 49 1
4 50 1
4 51 1
4 52 1
4 53 1
4 56 1
4 60 1
4 61 1
5 6 1
5 8 1
5 9 1
5 10 1
5 14 1
5 17 1
5 18 1
5 19 1
5 20 1
5 21 1
5 24 1
5 25 1
5 27 1
5 30 1
5 32 1
5 39 1
5 41 1
5 44 1
5 46 1
5 47 1
5 50 1
5 51 1
5 52 1
5 53 1
5 54 1
5 57 1
5 61 1
6 7 1
6 9 1
6 10 1
6 11 1
6 15 1
6 18 1
6 19 1
6 20 1
6 21 1
6 22 1
6 25 1
6 26 1
6 28 1
6 31 1
6 33 1
6 40 1
6 42 1
6 45 1
6 47 1
6 48 1
6 51 1
6 52 1
6 53 1
6 54 1
6 55 1
6 58 1
7 8 1
7 10 1
7 11 1
7 12 1
7 16 1
7 19 1
7 20 1
7 21 1
7 22 1
7 23 1
7 26 1
7 27 1
7 29 1
7 32 1
7 34 1
7 41 1
7 43 1
7 46 1
7 48 1
7 49 1
7 52 1
7 53 1
7 54 1
7 55 1
7 56 1
7 59 1
8 9 1
8 11 1
8 12 1
8 13 1
8 17 1
8 20 1
8 21 1
8 22 1
8 23 1
8 24 1
8 27 1
8 28 1
8 30 1
8 33 1
8 35 1
8 42 1
8 44 1
8 47 1
8 49 1
8 50 1
8 53 1
8 54 1
8 55 1
8 56 1
8 57 1
8 60 1
9 10 1
9 12 1
9 13 1
9 14 1
9 18 1
9 21 1
9 22 1
9 23 1
9 24 1
9 25 1
9 28 1
9 29 1
9 31 1
9 34 1
9 36 1
9 43 1
9 45 1
9 48 1
9 50 1
9 51 1
9 54 1
9 55 1
9 56 1
9 57 1
9 58 1
9 61 1
10 11 1
10 13 1
10 14 1
10 15 1
10 19 1
10 22 1
10 23 1
10 24 1
10 25 1
10 26 1
10 29 1
10 30 1
10 32 1
10 35 1
10 37 1
10 44 1
10 46 1
10 49 1
10 51 1
10 52 1
10 55 1
10 56 1
10 57 1
10 58 1
10 59 1
11 12 1
11 14 1
11 15 1
11 16 1
11 20 1
11 23 1
11 24 1
11 25 1
11 26 1
11 27 1
11 30 1
11 31 1
11 33 1
11 36 1
11 38 1
11 45 1
11 47 1
11 50 1
11 52 1
11 53 1
11 56 1
11 57 1
11 58 1
11 59 1
11 60 1
12 13 1
12 15 1
12 16 1
12 17 1
12 21 1
12 24 1
12 25 1
12 26 1
12 27 1
12 28 1
12 31 1
12 32 1
12 34 1
12 37 1
12 39 1
12 46 1
12 48 1
12 51 1
12 53 1
12 54 1
12 57 1
12 58 1
12 59 1
12 60 1
12 61 1
13 14 1
13 16 1
13 17 1
13 18 1
13 22 1
13 25 1
13 26 1
13 27 1
13 28 1
13 29 1
13 32 1
13 33 1
13 35 1
13 38 1
13 40 1
13 47 1
13 49 1
13 52 1
13 54 1
13 55 1
13 58 1
13 59 1
13 60 1
13 61 1
14 15 1
14 17 1
14 18 1
14 19 1
14 23 1
14 26 1
14 27 1
14 28 1
14 29 1
14 30 1
14 33 1
14 34 1
14 36 1
14 39 1
14 41 1
14 48 1
14 50 1
14 53 1
14 55 1
14 56 1
14 59 1
14 60 1
14 61 1
15 16 1
15 18 1
15 19 1
15 20 1
15 24 1
15 27 1
15 28 1
15 29 1
15 30 1
15 31 1
15 34 1
15 35 1
15 37 1
15 40 1
15 42 1
15 49 1
15 51 1
15 54 1
15 56 1
15 57 1
15 60 1
15 61 1
16 17 1
16 19 1
16 20 1
16 21 1
16 25 1
16 28 1
16 29 1
16 30 1
16 31 1
16 32 1
16 35 1
16 36 1
16 38 1
16 41 1
16 43 1
16 50 1
16 52 1
16 55 1
16 57 1
16 58 1
16 61 1
17 18 1
17 20 1
17 21 1
17 22 1
17 26 1
17 29 1
17 30 1
17 31 1
17 32 1
17 33 1
17 36 1
17 37 1
17 39 1
17 42 1
17 44 1
17 51 1
17 53 1
17 56 1
17 58 1
17 59 1
18 19 1
18 21 1
18 22 1
18 23 1
18 27 1
18 30 1
18 31 1
18 32 1
18 33 1
18 34 1
18 37 1
18 38 1
18 40 1
18 43 1
18 45 1
18 52 1
18 54 1
18 57 1
18 59 1
18 60 1
19 20 1
19 22 1
19 23 1
19 24 1
19 28 1
19 31 1
19 32 1
19 33 1
19 34 1
19 35 1
19 38 1
19 39 1
19 41 1
19 44 1
19 46 1
19 53 1
19 55 1
19 58 1
19 60 1
19 61 1
20 21 1
20 23 1
20 24 1
20 25 1
20 29 1
20 32 1
20 33 1
20 34 1
20 35 1
20 36 1
20 39 1
20 40 1
20 42 1
20 45 1
20 47 1
20 54 1
20 56 1
20 59 1
20 61 1
21 22 1
21 24 1
21 25 1
21 26 1
21 30 1
21 33 1
21 34 1
21 35 1
21 36 1
21 37 1
21 40 1
21 41 1
21 43 1
21 46 1
21 48 1
21 55 1
21 57 1
21 60 1
22 23 1
22 25 1
22 26 1
22 27 1
22 31 1
22 34 1
22 35 1
22 36 1
22 37 1
22 38 1
22 41 1
22 42 1
22 44 1
22 47 1
22 49 1
22 56 1
22 58 1
22 61 1
23 24 1
23 26 1
23 27 1
23 28 1
23 32 1
23 35 1
23 36 1
23 37 1
23 38 1
23 39 1
23 42 1
23 43 1
23 45 1
23 48 1
23 50 1
23 57 1
23 59 1
24 25 1
24 27 1
24 28 1
24 29 1
24 33 1
24 36 1
24 37 1
24 38 1
24 39 1
24 40 1
24 43 1
24 44 1
24 46 1
24 49 1
24 51 1
24 58 1
24 60 1
25 26 1
25 28 1
25 29 1
25 30 1
25 34 1
25 37 1
25 38 1
25 39 1
25 40 1
25 41 1
25 44 1
25 45 1
25 47 1
25 50 1
25 52 1
25 59 1
25 61 1
26 27 1
26 29 1
26 30 1
26 31 1
26 35 1
26 38 1
26 39 1
26 40 1
26 41 1
26 42 1
26 45 1
26 46 1
26 48 1
26 51 1
26 53 1
26 60 1
27 28 1
27 30 1
27 31 1
27 32 1
27 36 1
27 39 1
27 40 1
27 41 1
27 42 1
27 43 1
27 46 1
27 47 1
27 49 1
27 52 1
27 54 1
27 61 1
28 29 1
28 31 1
28 32 1
28 33 1
28 37 1
28 40 1
28 41 1
28 42 1
28 43 1
28 44 1
28 47 1
28 48 1
28 50 1
28 53 1
28 55 1
29 30 1
29 32 1
29 33 1
29 34 1
29 38 1
29 41 1
29 42 1
29 43 1
29 44 1
29 45 1
29 48 1
29 49 1
29 51 1
29 54 1
29 56 1
30 31 1
30 33 1
30 34 1
30 35 1
30 39 1
30 42 1
30 43 1
30 44 1
30 45 1
30 46 1
30 49 1
30 50 1
30 52 1
30 55 1
30 57 1
31 32 1
31 34 1
31 35 1
31 36 1
31 40 1
31 43 1
31 44 1
31 45 1
31 46 1
31 47 1
31 50 1
31 51 1
31 53 1
31 56 1
31 58 1
32 33 1
32 35 1
32 36 1
32 37 1
32 41 1
32 44 1
32 45 1
32 46 1
32 47 1
32 48 1
32 51 1
32 52 1
32 54 1
32 57 1
32 59 1
33 34 1
33 36 1
33 37 1
33 38 1
33 42 1
33 45 1
33 46 1
33 47 1
33 48 1
33 49 1
33 52 1
33 53 1
33 55 1
33 58 1
33 60 1
34 35 1
34 37 1
34 38 1
34 39 1
34 43 1
34 46 1
34 47 1
34 48 1
34 49 1
34 50 1
34 53 1
34 54 1
34 56 1
34 59 1
34 61 1
35 36 1
35 38 1
35 39 1
35 40 1
35 44 1
35 47 1
35 48 1
35 49 1
35 50 1
35 51 1
35 54 1
35 55 1
35 57 1
35 60 1
36 37 1
36 39 1
36 40 1
36 41 1
36 45 1
36 48 1
36 49 1
36 50 1
36 51 1
36 52 1
36 55 1
36 56 1
36 58 1
36 61 1
37 38 1
37 40 1
37 41 1
37 42 1
37 46 1
37 49 1
37 50 1
37 51 1
37 52 1
37 53 1
37 56 1
37 57 1
37 59 1
38 39 1
38 41 1
38 42 1
38 43 1
38 47 1
38 50 1
38 51 1
38 52 1
38 53 1
38 54 1
38 57 1
38 58 1
38 60 1
39 40 1
39 42 1
39 43 1
39 44 1
39 48 1
39 51 1
39 52 1
39 53 1
39 54 1
39 55 1
39 58 1
39 59 1
39 61 1
40 41 1
40 43 1
40 44 1
40 45 1
40 49 1
40 52 1
40 53 1
40 54 1
40 55 1
40 56 1
40 59 1
40 60 1
41 42 1
41 44 1
41 45 1
41 46 1
41 50 1
41 53 1
41 54 1
41 55 1
41 56 1
41 57 1
41 60 1
41 61 1
42 43 1
42 45 1
42 46 1
42 47 1
42 51 1
42 54 1
42 55 1
42 56 1
42 57 1
42 58 1
42 61 1
43 44 1
43 46 1
43 47 1
43 48 1
43 52 1
43 55 1
43 56 1
43 57 1
43 58 1
43 59 1
44 45 1
44 47 1
44 48 1
44 49 1
44 53 1
44 56 1
44 57 1
44 58 1
44 59 1
44 60 1
45 46 1
45 48 1
45 49 1
45 50 1
45 54 1
45 57 1
45 58 1
45 59 1
45 60 1
45 61 1
46 47 1
46 49 1
46 50 1
46 51 1
46 55 1
46 58 1
46 59 1
46 60 1
46 61 1
47 48 1
47 50 1
47 51 1
47 52 1
47 56 1
47 59 1
47 60 1
47 61 1
48 49 1
48 51 1
48 52 1
48 53 1
48 57 1
48 60 1
48 61 1
49 50 1
49 52 1
49 53 1
49 54 1
49 58 1
49 61 1
50 51 1
50 53 1
50 54 1
50 55 1
50 59 1
51 52 1
51 54 1
51 55 1
51 56 1
51 60 1
52 53 1
52 55 1
52 56 1
52 57 1
52 61 1
53 54 1
53 56 1
53 57 1
53 58 1
54 55 1
54 57 1
54 58 1
54 59 1
55 56 1
55 58 1
55 59 1
55 60 1
56 57 1
56 59 1
56 60 1
56 61 1
57 58 1
57 60 1
57 61 1
58 59 1
58 61 1
59 60 1
60 61 1
